*****************************************************
SCMA04*06*04
LDPC1944_972
outIteMax=4,ScmaIte=2,LdpcIte=30
EsNo=4.200000	ber=0.020400	bler=0.238095
EsNo=4.300000	ber=0.008357	bler=0.099206
EsNo=4.400000	ber=0.003846	bler=0.049419
EsNo=4.500000	ber=0.001074	bler=0.015644
EsNo=4.600000	ber=0.000281	bler=0.003363
EsNo=4.700000   ber=6.49e-5     bler=8.08e-4
